# start message for joints 4 - 6
x: 3.16477975359   # 4 pi42+0.0231871 (precisely adapted so that beta=0 at start)
y: 1.5608031867    #5 pi/2 -0.00999314 (precisely adapted so that alpha=0 at start)
z: 1.5707963267
