# start message for joints 4 - 6
x: 3.14159
y: 1.5707963267
z: 1.570796326
